A = [1:4;4:-1:1;2:4,1;3,2,4,1];
C = sym([4:-1:1;1:4;3:-1:1,4;2,3,1,4]) * j;
B = A + C;
A(5,6) = 5